150
0.0 0.0 4.39690615514 0.231811747076
0.00666038184677 0.0057263884232 4.39690615514 0.231811747076
0.0134539713304 0.0115920540422 4.39661687418 0.231827040125
0.0203834326038 0.0175749402353 4.39611520202 0.231853540266
0.0274514831027 0.0236776271052 4.39538841041 0.231891923185
0.0346608946115 0.0299027021293 4.39442323985 0.231942901473
0.0420144943504 0.0362527938772 4.39320580224 0.232007225017
0.0495151660843 0.0427305923141 4.39172153525 0.232085685963
0.0571658512527 0.0493388523266 4.38995516828 0.232179120435
0.0649695501247 0.0560803952321 4.38789068842 0.232288412585
0.0729293229737 0.0629581102295 4.38551130461 0.232414496914
0.0810482912801 0.0699749558092 4.38279941033 0.232558362481
0.0893296389522 0.0771339611209 4.37973654423 0.2327210561
0.0977766135784 0.0844382272805 4.37630334918 0.232903686903
0.106392527696 0.0918909286054 4.37247952903 0.233107430437
0.115180760097 0.0994953137618 4.36824380371 0.233333533792
0.124144757145 0.107254706798 4.3635738619 0.233583320669
0.133288034135 0.115172508049 4.35844631185 0.233858197294
0.142614176665 0.123252194882 4.35283662973 0.234159658588
0.152126842045 0.131497322254 4.34671910593 0.234489295113
0.161829760734 0.139911523051 4.34006678882 0.234848800531
0.171726737792 0.148498508159 4.33285142633 0.235239979872
0.181821654399 0.157262066266 4.32504340502 0.235664758532
0.192118469329 0.166206063253 4.31661168685 0.236125192214
0.202621220568 0.175334441274 4.30752374342 0.236623477812
0.213334026819 0.184651217248 4.29774548808 0.237161965431
0.224261089209 0.194160480957 4.28724120542 0.237743171627
0.235406692834 0.203866392366 4.27597347894 0.238369794034
0.246775208544 0.213773178405 4.26390311633 0.239044727537
0.258371094555 0.223885128759 4.25098907309 0.239771082196
0.2701988983 0.23420659091 4.2371883744 0.24055220312
0.282263258106 0.244741963923 4.22245603588 0.241391692558
0.294568905122 0.255495691209 4.20674498318 0.242293434486
0.307120665064 0.266472251701 4.19000597157 0.243261622009
0.319923460217 0.277676149623 4.17218750543 0.244300787976
0.332982311264 0.289111902267 4.15323575918 0.245415839212
0.346302339341 0.300784025852 4.13309449993 0.246612094904
0.359888767969 0.312697018859 4.11170501354 0.247895329679
0.37374692518 0.324855342795 4.08900603512 0.249271822084
0.387882245526 0.337263399705 4.06493368618 0.250748409202
0.402300272288 0.349925506274 4.03942141976 0.25233254836
0.417006659575 0.362845863725 4.01239997687 0.254032386928
0.43200717462 0.376028523181 3.98379735655 0.255856841486
0.447307699951 0.389477345533 3.95353880351 0.257815687759
0.462914235805 0.403195955344 3.92154681729 0.259919663036
0.478832902361 0.417187687492 3.88774118869 0.262180583016
0.495069942262 0.431455525918 3.85203906863 0.264611475451
0.511631722946 0.446002032814 3.81435507797 0.267226733256
0.528524739261 0.460829267284 3.77460146571 0.270042290384
0.545755615882 0.475938691369 3.73268832741 0.273075824176
0.563331110057 0.491331062026 3.68852389508 0.276346988761
0.581258114096 0.507006306328 3.64201491493 0.27987768469
0.599543658234 0.522963377898 3.59306712935 0.283692371124
0.618194913234 0.539200091053 3.54158588626 0.287818427795
0.637219193356 0.555712929833 3.48747689986 0.292286575451
0.65662395906 0.57249682746 3.43064719535 0.297131364649
0.676416820098 0.589544912283 3.37100627239 0.302391744661
0.696605538338 0.606848214551 3.30846753333 0.308111725636
0.717198030961 0.624395328788 3.24295002668 0.314341149149
0.738202373416 0.642172024721 3.17438057024 0.32113658345
0.759626802743 0.660160800092 3.10269632641 0.328562360943
0.781479720633 0.678340366986 3.02784791976 0.336691774766
0.803769696903 0.696685063974 2.94980319838 0.345608449124
0.826505472677 0.715164185169 2.86855176275 0.355407890886
0.849695963989 0.733741219125 2.78411039994 0.366199216804
0.873350265104 0.752372991118 2.69652958474 0.378107024867
0.897477652263 0.771008707458 2.60590122112 0.39127333462
0.922087587145 0.789588906316 2.5123678115 0.405859445975
0.947189720745 0.808044333046 2.41613323058 0.422047444443
0.972793896997 0.826294777192 2.31747524825 0.440040885268
0.998910156793 0.844247941688 2.21675984924 0.460063888364
1.02554874177 0.861798463488 2.11445721825 0.48235742585
1.05272009846 0.878827281313 2.01115891638 0.507170950254
1.08043488226 0.89520165418 1.90759518491 0.534746693909
1.10870396177 0.910776272645 1.80465034545 0.565293086342
1.13753842284 0.925396047649 1.70337292704 0.598943120656
1.16694957315 0.938901301213 1.60497547688 0.635693937133
1.19694894645 0.951136222787 1.51081681806 0.675327017533
1.22754830724 0.961961458592 1.42235651254 0.717316910192
1.2587596552 0.971271027464 1.34106927812 0.760752380279
1.2905952302 0.979011750241 1.26831200313 0.804313368074
1.32306751659 0.985200397092 1.20515368353 0.846354896119
1.35618924884 0.989931869073 1.15220451238 0.885124303573
1.3899734156 0.993373226431 1.10949703333 0.919076521966
1.42443326582 0.99574322138 1.07646389514 0.94718489865
1.45958231291 0.997282464061 1.05202551406 0.969124573461
1.49543434109 0.99822247245 1.03476424256 0.985257770451
1.53200340969 0.998761495114 1.02313653702 0.996444514541
1.56930385981 0.999051830429 1.01566884456 1.00377452433
1.60735031876 0.999198974579 1.01109603079 1.00832551692
1.64615770707 0.999269203035 1.00842620215 1.01101007722
1.68574124297 0.999300621954 1.00694104241 1.0125179823
1.72611644977 0.999313547646 1.00615555392 1.01332608623
1.76729916051 0.999318164371 1.00576227167 1.013740567
1.80930552568 0.999319303343 1.00557743896 1.01394563642
1.85215201793 0.999319111505 1.00549743514 1.01404552473
1.89585544026 0.999318457752 1.00546721643 1.01409569557
1.94043293077 0.999317651294 1.00545930846 1.01412386174
1.98590197137 0.999316787498 1.00546085111 1.01414300831
2.03228039252 0.999315893358 1.00546620552 1.01415884006
2.07958638233 0.999314976469 1.00547306011 1.01417370651
2.12783849171 0.999314037872 1.00548053619 1.01418851276
2.1770556435 0.999313075949 1.00548833112 1.01420358264
2.22725713812 0.999312088798 1.00549635605 1.01421902558
2.27846266283 0.99931107548 1.00550459228 1.01423487912
2.33069229782 0.999310036102 1.00551304102 1.01425116267
2.38396652574 0.999308970937 1.00552170645 1.01426788944
2.43830623798 0.999307878813 1.00553059324 1.01428507643
2.4937327447 0.999306755618 1.00553970088 1.01430273849
2.55026778134 0.999305594551 1.00554902652 1.01432090189
2.6079335189 0.999304389803 1.00555855846 1.01433958604
2.66675257104 0.999303142826 1.00556828923 1.01435882584
2.72674800439 0.999301867062 1.00557820772 1.01437862661
2.78794334625 0.999300584998 1.00558832731 1.01439901261
2.85036259511 0.999299314444 1.00559866102 1.01441993753
2.91403022876 0.999298049589 1.00560926416 1.01444140868
2.97897121529 0.999296753051 1.00562014379 1.01446333134
3.04521102132 0.999295375643 1.00563130811 1.01448582042
3.11277562371 0.999293900274 1.00564258363 1.01450885312
3.18169151792 0.999292370006 1.00565386768 1.01453277238
3.25198573023 0.999290835818 1.00566506172 1.01455746728
3.32057999199 0.999289391128 1.00567574157 1.01458142676
3.39655079718 0.999287875054 1.00568765404 1.01460813154
3.48033567429 0.999286298255 1.00570057145 1.0146376387
3.57242404687 0.999284685347 1.00571376623 1.01467077335
3.6733619804 0.999283072234 1.00572653743 1.01470829958
3.78375755528 0.999281345787 1.00573966597 1.01474943848
3.90428693409 0.999279153013 1.00575610504 1.01479105658
4.03570121333 0.999276103084 1.00577934128 1.01482955851
4.17883415 0.999272191318 1.00580980853 1.01486403846
4.33461087998 0.999268003945 1.00584328812 1.01489866062
4.50405774781 0.999264367678 1.00587309118 1.01493942195
4.68831339941 0.999261706167 1.00589555932 1.0149904099
4.88864129681 0.99925973965 1.00591215719 1.01504958085
5.10644385065 0.999257788283 1.00592840746 1.01511370536
5.34327838269 0.999255306663 1.00594819889 1.01517970684
5.6008751728 0.999252170406 1.00597347107 1.01525239254
5.8811578725 0.999248473306 1.00600295234 1.01533588611
6.1862666187 0.999244064683 1.00603903194 1.01543867062
6.51858422208 0.999238440311 1.00608276209 1.01555667791
6.88076587071 0.999231907676 1.00613500584 1.01569035629
7.27577284646 0.999225952662 1.0061829139 1.01582249288
7.70691083882 0.999221560018 1.0062198629 1.01594362885
8.17787351981 0.999217155695 1.00624767672 1.01602361968
8.69279215885 0.999212965254 1.0062857199 1.01608606226
9.25629216602 0.999210169461 1.00632259584 1.01618035666
9.87355760608 0.999206748641 1.00633772688 1.01634659583
10.5504048771 0.999197651962 1.00635860709 1.01651621384
11.2933669551 0.999191100624 1.00644999868 1.01657733133
12.109789815 0.99918543878 1.00658808476 1.01654028233
